#
#
#  Percent Identity  Matrix - created by Clustal2.1 
#
#

     1: tr|A0A1T5JTW1|A0A1T5JTW1_9BACT  100.00    7.37   22.51   12.36   22.92    7.33   21.47   22.92   22.92   20.73   10.87   22.29   20.73    9.38   22.92   22.51   15.19    6.19
     2: tr|Q74LF6|Q74LF6_LACJO            7.37  100.00   20.43   11.76   24.47    9.09   24.39   24.47   24.47   24.21   10.99   27.16   24.21   14.47   24.47   25.53   10.53   10.00
     3: tr|A0A0R1GF26|A0A0R1GF26_9LACO   22.51   20.43  100.00   15.12   61.66   18.12   58.19   61.66   61.66   56.48   19.67   64.77   56.48   15.32   61.66   63.02   17.11   17.48
     4: tr|A0A2D7V787|A0A2D7V787_9BACT   12.36   11.76   15.12  100.00   21.84   11.69   19.74   21.84   21.84   19.10   11.24   21.62   19.10    5.71   21.84   20.93    8.20   16.18
     5: tr|G0M236|G0M236_LACPE           22.92   24.47   61.66   21.84  100.00   22.00   81.46  100.00   98.97   77.95   26.09   88.70   78.35   18.40   99.48   89.12   24.68   20.98
     6: tr|A0A1G0M236|A0A1G0M236_9DELT    7.33    9.09   18.12   11.69   22.00  100.00   21.90   22.00   22.00   21.05   12.80   23.70   21.05    7.92   22.00   22.82   18.75    6.77
     7: tr|A0A0R2MCQ1|A0A0R2MCQ1_9LACO   21.47   24.39   58.19   19.74   81.46   21.90  100.00   81.46   80.90   81.01   24.26   80.23   81.01   16.07   81.46   80.23   23.19   21.48
     8: tr|F6IY87|F6IY87_LACPE           22.92   24.47   61.66   21.84  100.00   22.00   81.46  100.00   98.97   77.95   26.09   88.70   78.35   18.40   99.48   89.12   24.68   20.98
     9: tr|A0A2K9I2Z8|A0A2K9I2Z8_LACPE   22.92   24.47   61.66   21.84   98.97   22.00   80.90   98.97  100.00   77.84   25.54   88.14   78.35   18.40   99.48   89.12   24.68   20.28
    10: tr|A0A0R2NVQ1|A0A0R2NVQ1_9LACO   20.73   24.21   56.48   19.10   77.95   21.05   81.01   77.95   77.84  100.00   22.58   74.58   99.49   18.40   78.35   76.17   19.23   20.28
    11: tr|A0A0G0M236|A0A0G0M236_9BACT   10.87   10.99   19.67   11.24   26.09   12.80   24.26   26.09   25.54   22.58  100.00   24.55   22.58    9.02   26.09   25.14    7.59   12.86
    12: tr|A0A0R1QYB2|A0A0R1QYB2_9LACO   22.29   27.16   64.77   21.62   88.70   23.70   80.23   88.70   88.14   74.58   24.55  100.00   74.58   17.86   88.70  100.00   23.53   20.00
    13: tr|W6T8T8|W6T8T8_9LACO           20.73   24.21   56.48   19.10   78.35   21.05   81.01   78.35   78.35   99.49   22.58   74.58  100.00   18.40   78.87   76.68   19.23   20.28
    14: tr|A0A0F6IY87|A0A0F6IY87_BACTU    9.38   14.47   15.32    5.71   18.40    7.92   16.07   18.40   18.40   18.40    9.02   17.86   18.40  100.00   18.40   18.40   11.11   10.48
    15: tr|A0A241RLN3|A0A241RLN3_LACPE   22.92   24.47   61.66   21.84   99.48   22.00   81.46   99.48   99.48   78.35   26.09   88.70   78.87   18.40  100.00   89.64   24.68   20.98
    16: tr|A0A098R5K9|A0A098R5K9_9LACO   22.51   25.53   63.02   20.93   89.12   22.82   80.23   89.12   89.12   76.17   25.14  100.00   76.68   18.40   89.64  100.00   22.08   18.88
    17: tr|A0A1D7V787|A0A1D7V787_9GAMM   15.19   10.53   17.11    8.20   24.68   18.75   23.19   24.68   24.68   19.23    7.59   23.53   19.23   11.11   24.68   22.08  100.00   14.49
    18: tr|A0A0U2W691|A0A0U2W691_9BURK    6.19   10.00   17.48   16.18   20.98    6.77   21.48   20.98   20.28   20.28   12.86   20.00   20.28   10.48   20.98   18.88   14.49  100.00
